Команди:

/start - початок гри
/take_matrix - введеня матриці та подальша гра

Матриця повинна бути списком із списками без власної назви, наприклад:
[
    [0, 1, 0, 0, 0, 1, 0, 0, 0, 1, 0, 0],
    [0, 1, 1, 0, 0, 1, 1, 1, 0, 1, 1, 0],
    [0, 0, 0, 0, 0, 0, 0, 1, 0, 0, 0, 0],
    [1, 1, 0, 1, 1, 1, 0, 1, 1, 1, 0, 1],
    [0, 0, 0, 0, 0, 0, 0, 0, 0, 0, 0, 0],
    [0, 1, 0, 0, 0, 1, 0, 1, 0, 1, 0, 0],
    [0, 1, 1, 0, 0, 1, 1, 1, 0, 1, 1, 0],
    [0, 0, 0, 0, 0, 0, 0, 1, 0, 0, 0, 0],
    [1, 1, 0, 1, 1, 1, 0, 1, 1, 1, 0, 1],
    [0, 0, 0, 0, 0, 0, 0, 0, 0, 0, 0, 0],
    [0, 1, 0, 0, 0, 1, 0, 1, 0, 1, 0, 0],
    [0, 1, 1, 0, 0, 1, 1, 1, 0, 1, 1, 0],
    [0, 0, 0, 0, 0, 0, 0, 1, 0, 0, 0, 0],
    [1, 1, 0, 1, 1, 1, 0, 1, 1, 1, 0, 1],
    [0, 0, 0, 0, 0, 0, 0, 0, 0, 0, 0, 0]
]
- де 1 це стіни а 0 порожнечі лабіринту

Ви завжди починаєте зверху зліва а закінчуєте знизу справа, якщо зможете дістатись до нижнього правого кута
Ви перемогли